15130045	2689
15130045	2314
15130045	3407
15130045	2936
15130045	2517
15130045	2656
15130045	1930
15130045	2441
15130045	3055
15130045	2952
15130045	2991
15130045	3397
15130045	3374
15130045	2198
15130045	3063
15130045	2826
15130045	3294
15130045	2872
15130045	2975
15130045	3529
15130045	2141
15130045	2567
15130045	3915
15130045	4194
15130045	3923
15130045	3446
15130045	3695
15130045	2059
15130045	2858
15130045	4211
15130045	4220
15130045	2084
15130045	3348
15130045	3168
15130045	3705
15130045	3883
15130045	2817
15130045	3893
15130045	3455
15130045	2415
15130045	3203
15130045	4425
15130045	4337
15130045	4443
15130045	4363
15130045	3000
15130045	2578
15130045	4602
15130045	4588
15130045	5082
15130045	4057
15130045	4119
15130045	3632
15130045	3875
15130045	3487
15130045	4606
15130045	3112
15130045	5261
15130045	3976
15130045	3853
15130045	3865
15130045	4803
15130045	4777
15130045	3968
15130045	4472
15130045	4133
15130045	4285
15130045	5276
15130045	4834
15130045	3773
15130045	4260
15130045	4171
15130045	4155
15130045	5520
15130045	3837
15130045	3677
15130045	4000
15130045	5394
15130045	5821
15130045	4488
15130045	3649
15130045	5371
15130045	4979
15130045	4876
15130045	4860
15130045	4866
15130045	4723
15130045	4228
15130045	6180
15130045	4497
15130045	6978
15130045	5173
15130045	5954
15130045	4986
15130045	7341
15130045	5333
15130045	7619
15130045	4907
15130045	5120
15130045	5448
15130045	5901
15130045	4739
15130045	5292
15130045	5681
15130045	5738
15130045	5434
15130045	5893
15130045	5188
15130045	5885
15130045	7642
15130045	8206
15130045	8540
15130045	7652
15130045	8438
15130045	7252
15130045	7235
15130045	8726
15130045	8377
15130045	8217
15130045	9335
15130045	8741
15130045	8919
15130045	7660
15130045	8484
15130045	9078
15130045	9365
15130045	9393
15130045	8383
15130045	9342
15130045	9374
15130045	7938
15130045	8807
15130045	9547
15130045	7769
15130045	9538
15130045	9437
15130045	9423
15130045	9528
15130045	8277
15130045	8079
15130045	9041
15130045	9251
15130045	8183
15130045	9514
15130045	8751
15130045	9749
15130045	9579
15130045	9486
15130045	9206
15130045	8872
15130045	9444
15130045	9506
15130045	8902
15130045	9603
15130045	9189
15130045	10141
15130045	9587
15130045	10230
15130045	10122
15130045	9909
15130045	10607
15130045	9693
15130045	10173
15130045	10756
15130045	10689
15130045	10887
15130045	10469
15130045	10663
15130045	11024
15130045	11267
15130045	11336
15130045	11259
15130045	10909
15130045	11239
15130045	10773
15130045	11295
15130045	11434
15130045	11642
15130045	11412
15130045	11954
15130045	11855
15130045	11799
15130045	11933
15130045	11361
15130045	11678
15130045	12072
15130045	11510
15130045	12166
15130045	12222
15130045	12247
15130045	12054
15130045	12340
15130045	11651
15130045	11864
15130045	11962
15130045	11419
15130045	11664
15130045	12021
15130045	11463
15130045	11841
15130045	11927
15130045	11725
15130045	11557
15130045	12080
15130045	11437
15130045	12486
15130045	12088
15130045	11547
15130045	12498
15130045	12624
15130045	12343
15130045	12690
15130045	12301
15130045	12359
15130045	12937
15130045	12540
15130045	12877
15130045	13059
15130045	12473
15130045	12961
15130045	12953
15130045	12846
15130045	13092
15130045	12608
15130045	13286
15130045	13126
15130045	13311
15130045	13466
15130045	13546
15130045	13681
15130045	13638
15130045	13513
15130045	13944
15130045	13563
15130045	13906
15130045	13376
15130045	13621
15130045	13921
15130045	13961
15130045	14184
15130045	14055
15130045	14198
15130045	14341
15130045	14544
15130045	14621
15130045	14649
15130045	14395
15130045	14584
15130045	14419
15130045	14267
15130045	14471
15130045	14672
15130045	15142
15130045	14902
15130045	15074
15130045	15167
15130045	15355
15130045	15282
15130045	15380
15130045	15094
15130045	15205
15130045	14811
15130045	15634
15130045	16448
15130045	16492
15130045	16540
15130045	16726
15130045	16797
15130045	16424
15130045	16682
15130045	16087
15130045	16842
15130045	17004
15130045	17029
15130045	17109
15130045	17331
15130045	16913
15130045	17518
15130045	17531
15130045	17503
15130045	17560
15130045	17662
15130045	17653
15130045	17364
15130045	17699
15130045	18041
15130045	17941
15130045	18023
15130045	18614
15130045	18676
15130045	18848
15130045	18982
15130045	18575
15130045	18230
15130045	18784
15130045	18838
15130045	18115
15130045	18696
15130045	19196
15130045	18936
15130045	19066
15130045	19086
15130045	19027
15130045	19188
15130045	19385
15130045	19417
15130045	19253
15130045	19502
15130045	19570
15130045	21444
15130045	21183
15130045	21650
15130045	21786
15130045	21770
15130045	21980
15130045	22253
15130045	22229
15130045	22007
15130045	22059
15130045	22425
15130045	22618
15130045	22519
15130045	22492
15130045	22752
15130045	22867
15130045	22557
15130045	22886
15130045	22901
15130045	23209
15130045	23573
15130045	23394
15130045	23622
15130045	23539
15130045	23632
15130045	23599
15130045	23659
15130045	22987
15130045	24045
15130045	23958
15130045	23781
15130045	23496
15130045	24286
15130045	24429
15130045	24324
15130045	24277
15130045	24861
15130045	24770
15130045	24930
15130045	24820
15130045	25205
15130045	27887
15130045	27760
15130045	28240
15130045	28319
15130045	28399
15130045	28359
15130045	28203
15130045	28616
15130045	28633
15130045	28690
15130045	28415
15130045	28568
15130045	28675
15130045	28897
15130045	29017
15130045	29091
15130045	28972
15130045	28843
15130045	28788
15130045	29226
15130045	28797
15130045	29416
15130045	29031
15130045	29657
15130045	29083
15130045	29783
15130045	29479
15130045	29740
15130045	28939
15130045	29772
15130045	29881
15130045	29368
15130045	29179
15130045	29407
15130045	29958
15130045	29528
15130045	29812
15130045	30319
15130045	29804
15130045	30398
15130045	30577
15130045	30591
15130045	30462
15130045	30563
15130045	30571
15130045	30820
15130045	30695
15130045	30615
15130045	30721
15130045	30926
15130045	31191
15130045	31345
15130045	31567
15130045	31634
15130045	32920
15130045	32754
15130045	32489
15130045	32512
15130045	33105
15130045	33203
15130045	33448
15130045	33735
15130045	33674
15130045	32946
15130045	34066
15130045	33794
15130045	34213
15130045	34327
15130045	33935
15130045	33905
15130045	34438
15130045	34681
15130045	35082
15130045	35915
15130045	36252
15130045	36312
15130045	38622
15130045	38253
15130045	38973
15130045	38848
15130045	39293
15130045	39085
15130045	39466
15130045	39439
15130045	39813
15130045	39837
15130045	39943
15130045	40291
15130045	40283
15130045	40487
15130045	40509
15130045	40671
15130045	40972
15130045	41169
15130045	40213
15130045	41135
15130045	41142
15130045	41664
15130045	40966
15130045	41314
15130045	42394
15130045	42483
15130045	42092
15130045	41976
15130045	42841
15130045	43331
15130045	43499
15130045	42771
15130045	43589
15130045	43163
15130045	42985
15130045	43612
15130045	43572
15130045	44167
15130045	44323
15130045	44124
15130045	43748
15130045	44636
15130045	44480
15130045	44455
15130045	44793
15130045	45034
15130045	45207
15130045	45025
15130045	45287
15130045	45559
15130045	45643
15130045	45371
15130045	45253
15130045	46746
15130045	46755
15130045	46544
15130045	46785
15130045	46911
15130045	46997
15130045	47151
15130045	47012
15130045	47057
15130045	46830
15130045	47134
15130045	47157
15130045	47277
15130045	47358
15130045	46575
15130045	47404
15130045	47696
15130045	47862
15130045	47740
15130045	48024
15130045	48192
15130045	48284
15130045	48352
15130045	48410
15130045	48663
15130045	48670
15130045	48741
15130045	48377
15130045	48300
15130045	48925
15130045	48973
15130045	48343
15130045	48510
15130045	48789
15130045	49310
15130045	49387
15130045	48932
15130045	49353
15130045	49792
15130045	50019
15130045	50033
15130045	50270
15130045	50584
15130045	49727
15130045	50879
15130045	50624
15130045	51100
15130045	51084
15130045	50670
15130045	51349
15130045	51189
15130045	51182
15130045	51518
15130045	51315
15130045	51551
15130045	51625
15130045	51690
15130045	51683
15130045	51808
15130045	51474
15130045	50812
15130045	51920
15130045	51872
15130045	51408
15130045	52025
15130045	52040
15130045	51984
15130045	51482
15130045	51816
15130045	52101
15130045	52202
15130045	52442
15130045	52502
15130045	52206
15130045	52565
15130045	51423
15130045	52266
15130045	52725
15130045	52758
15130045	52820
15130045	52734
15130045	53345
15130045	53185
15130045	52913
15130045	53310
15130045	53145
15130045	53768
15130045	54115
15130045	54492
15130045	55154
15130045	55311
15130045	55018
15130045	55346
15130045	55486
15130045	55131
15130045	55614
15130045	56383
15130045	57216
15130045	57755
15130045	57568
15130045	57889
15130045	58030
15130045	57804
15130045	58212
15130045	59732
15130045	59024
15130045	60124
15130045	59803
15130045	59857
15130045	59609
15130045	60012
15130045	60161
15130045	59750
15130045	59933
15130045	60384
15130045	60704
15130045	60359
15130045	61182
15130045	62057
15130045	61972
15130045	61956
15130045	61400
15130045	61588
15130045	61654
15130045	62416
15130045	62462
15130045	62802
15130045	62768
15130045	62844
15130045	62989
15130045	63263
15130045	62936
15130045	63569
15130045	62943
15130045	63677
15130045	63701
15130045	63650
15130045	63909
15130045	63830
15130045	63951
15130045	63893
15130045	63967
15130045	63796
15130045	64128
15130045	63808
15130045	64158
15130045	64087
15130045	64310
15130045	64349
15130045	63974
15130045	64228
15130045	64749
15130045	64171
15130045	64105
15130045	64727
15130045	65231
15130045	65473
15130045	64768
15130045	67547
15130045	66500
15130045	67371
15130045	67970
15130045	68451
15130045	68684
15130045	68578
15130045	68866
15130045	68906
15130045	69051
15130045	69016
15130045	69393
15130045	69253
15130045	69713
15130045	69608
15130045	70415
15130045	70449
15130045	70583
15130045	70504
15130045	70511
15130045	70850
15130045	71109
15130045	70433
15130045	70569
15130045	71271
15130045	71169
15130045	71064
15130045	70816
15130045	71214
15130045	71497
15130045	71387
15130045	71507
15130045	71488
15130045	71119
15130045	71534
15130045	71925
15130045	72044
15130045	72141
15130045	71607
15130045	72116
15130045	71960
15130045	72249
15130045	71931
15130045	72019
15130045	72417
15130045	72272
15130045	72640
15130045	72304
15130045	72264
15130045	72431
15130045	72564
15130045	72605
15130045	72061
15130045	72753
15130045	73148
15130045	72438
15130045	73275
15130045	73316
15130045	73019
15130045	73300
15130045	73224
15130045	73718
15130045	74383
15130045	73660
15130045	74738
15130045	74655
15130045	74771
15130045	74689
15130045	74568
15130045	74947
15130045	74762
15130045	75161
15130045	75257
15130045	75602
15130045	75274
15130045	75391
15130045	75535
15130045	75609
15130045	75586
15130045	75311
15130045	75568
15130045	75023
15130045	75651
15130045	75554
15130045	76239
15130045	76268
15130045	76388
15130045	76560
15130045	76752
15130045	76371
15130045	77092
15130045	76250
15130045	77127
15130045	76944
15130045	76667
15130045	76835
15130045	77269
15130045	77261
15130045	77515
15130045	77873
15130045	78066
15130045	77584
15130045	77980
15130045	77849
15130045	78804
15130045	77883
15130045	78206
15130045	78728
15130045	79137
15130045	79066
15130045	79098
15130045	79235
15130045	78374
15130045	79131
15130045	78523
15130045	79726
15130045	78309
15130045	79628
15130045	78919
15130045	80110
15130045	80246
15130045	80391
15130045	79421
15130045	80563
15130045	80554
15130045	80546
15130045	79843
15130045	80494
15130045	80714
15130045	80140
15130045	80894
15130045	81045
15130045	80728
15130045	81098
15130045	80148
15130045	81197
15130045	81406
15130045	81531
15130045	81605
15130045	81272
15130045	81822
15130045	81090
15130045	81480
15130045	81757
15130045	81179
15130045	81778
15130045	81785
15130045	81290
15130045	81798
15130045	82055
15130045	81807
15130045	81546
15130045	82356
15130045	82420
15130045	82351
15130045	82372
15130045	82592
15130045	82468
15130045	83491
15130045	83156
15130045	83215
15130045	83797
15130045	83989
15130045	83966
15130045	84743
15130045	84063
15130045	85093
15130045	85180
15130045	85295
15130045	85692
15130045	85701
15130045	86017
15130045	85846
15130045	85961
15130045	86556
15130045	87054
15130045	87063
15130045	87559
15130045	87531
15130045	87615
15130045	86639
15130045	87548
15130045	87461
15130045	87963
15130045	88359
15130045	88390
15130045	88992
15130045	88863
15130045	88717
15130045	88894
15130045	88870
15130045	89255
15130045	89349
15130045	88687
15130045	89534
15130045	89223
15130045	89782
15130045	90227
15130045	89827
15130045	89339
15130045	90117
15130045	90453
15130045	90531
15130045	90650
15130045	90688
15130045	90740
15130045	90947
15130045	90970
15130045	91086
15130045	91452
15130045	91685
15130045	91461
15130045	91721
15130045	92202
15130045	92317
15130045	92304
15130045	92936
15130045	93276
15130045	93267
15130045	93241
15130045	92815
15130045	93401
15130045	95288
15130045	94957
15130045	95245
15130045	95209
15130045	94827
15130045	95594
15130045	95696
15130045	96203
15130045	96084
15130045	96476
15130045	96509
15130045	97263
15130045	97940
15130045	97532
15130045	98341
15130045	98455
15130045	99063
15130045	99167
15130045	99577
15130045	99102
15130045	99026
15130045	100387
15130045	100839
15130045	100772
15130045	100931
15130045	100938
15130045	100833
15130045	100899
15130045	101321
15130045	101191
15130045	101253
15130045	101148
15130045	101405
15130045	101451
15130045	101549
15130045	101709
15130045	101925
15130045	102007
15130045	102075
15130045	102289
15130045	102333
15130045	102512
15130045	102853
15130045	103154
15130045	103163
15130045	102809
15130045	103089
15130045	103288
15130045	103708
15130045	103743
15130045	103759
15130045	103334
15130045	104047
15130045	104007
15130045	104208
15130045	104332
15130045	104032
15130045	103729
15130045	104703
15130045	104742
15130045	104750
15130045	105029
15130045	105427
15130045	105342
15130045	105614
15130045	104980
15130045	105558
15130045	105747
15130045	106070
15130045	106561
15130045	106193
15130045	107139
15130045	107019
15130045	107188
15130045	107340
15130045	107359
15130045	107501
15130045	107606
15130045	107741
15130045	107860
15130045	107637
15130045	108077
15130045	107575
15130045	108004
15130045	108120
15130045	108124
15130045	108174
15130045	108441
15130045	108464
15130045	108445
15130045	108602
15130045	108634
15130045	108473
15130045	108625
15130045	108457
15130045	109216
15130045	108912
15130045	109000
15130045	110335
15130045	110353
15130045	110412
15130045	110536
15130045	110460
15130045	110255
15130045	110475
15130045	110080
15130045	110658
15130045	110665
15130045	110835
15130045	110492
15130045	110743
15130045	111101
15130045	110673
15130045	111286
15130045	111329
15130045	111336
15130045	111292
15130045	111429
15130045	111420
15130045	111670
15130045	111375
15130045	111851
15130045	111866
15130045	112965
15130045	111989
15130045	113101
15130045	114056
15130045	114078
15130045	113922
15130045	114127
15130045	114660
15130045	114648
15130045	114706
15130045	115222
15130045	115263
15130045	115214
15130045	115299
15130045	115061
15130045	114760
15130045	116478
15130045	117706
15130045	118045
15130045	118419
15130045	118348
15130045	119297
15130045	119350
15130045	119316
15130045	119760
15130045	119881
15130045	119981
15130045	120095
15130045	120831
15130045	121627
15130045	121859
15130045	122070
15130045	121133
15130045	124729
15130045	124289
15130045	125545
15130045	125633
15130045	125848
15130045	125790
15130045	126427
15130045	126693
15130045	127157
15130045	127182
15130045	127619
15130045	128233
15130045	128256
15130045	127685
15130045	129188
15130045	129086
15130045	128418
15130045	128532
15130045	129519
15130045	129546
15130045	129236
15130045	129917
15130045	129669
15130045	129138
15130045	129831
15130045	130263
15130045	130414
15130045	130463
15130045	130503
15130045	130495
15130045	130789
15130045	130758
15130045	130797
15130045	130750
15130045	130523
15130045	130868
15130045	131391
15130045	131009
15130045	131748
15130045	131837
15130045	131856
15130045	131796
15130045	132513
15130045	132828
15130045	132849
15130045	132882
15130045	132762
15130045	133393
15130045	133151
15130045	133211
15130045	133285
15130045	133566
15130045	133719
15130045	133801
15130045	134104
15130045	133636
15130045	134263
15130045	133400
15130045	134068
15130045	133816
15130045	134350
15130045	134448
15130045	133762
15130045	137099
15130045	137366
15130045	137350
15130045	137961
15130045	138003
15130045	137930
15130045	138135
15130045	138354
15130045	138480
15130045	138631
15130045	138836
15130045	138958
15130045	138786
15130045	138940
15130045	139321
15130045	139015
15130045	139131
15130045	139658
15130045	139728
15130045	139440
15130045	139796
15130045	139690
15130045	139927
15130045	140097
15130045	139624
15130045	140102
15130045	140421
15130045	139755
15130045	140670
15130045	140686
15130045	140329
15130045	141340
15130045	141856
15130045	141532
15130045	142385
15130045	142779
15130045	142847
15130045	143147
15130045	143227
15130045	143456
15130045	143440
15130045	143525
15130045	143784
15130045	143899
15130045	143217
15130045	144035
15130045	144386
15130045	144018
15130045	144705
15130045	144508
15130045	143992
15130045	146747
15130045	146799
15130045	146677
15130045	147033
15130045	146384
15130045	146354
15130045	147110
15130045	147207
15130045	147500
15130045	147507
15130045	147329
15130045	147546
15130045	147557
15130045	148438
15130045	148528
15130045	148284
15130045	148742
15130045	148700
15130045	148770
15130045	148919
15130045	148935
15130045	148885
15130045	149118
15130045	149138
15130045	149103
15130045	148824
15130045	149406
15130045	148839
15130045	149446
15130045	149157
15130045	149745
15130045	149457
15130045	149293
15130045	149123
15130045	149177
15130045	149978
15130045	150251
15130045	150449
15130045	151975
15130045	152002
15130045	151881
15130045	151959
15130045	152303
15130045	152326
15130045	152311
15130045	152835
15130045	152806
15130045	152912
15130045	152749
15130045	152878
15130045	152893
15130045	152708
15130045	153074
15130045	152713
15130045	153005
15130045	154659
15130045	154898
15130045	155507
15130045	155652
15130045	155587
15130045	155567
15130045	155577
15130045	155933
15130045	155955
15130045	156598
15130045	157783
15130045	157846
15130045	158201
15130045	158362
15130045	158293
15130045	158476
15130045	158493
15130045	158484
15130045	158161
15130045	158443
15130045	158271
15130045	158347
15130045	158748
15130045	159057
15130045	158726
15130045	159455
15130045	160570
15130045	160741
15130045	161048
15130045	160855
15130045	161014
15130045	160473
15130045	161242
15130045	161040
15130045	161285
15130045	161263
15130045	161358
15130045	161339
15130045	161549
15130045	161605
15130045	161722
15130045	161766
15130045	161371
15130045	161256
15130045	161290
15130045	161923
15130045	161761
15130045	161978
15130045	162023
15130045	161463
15130045	162345
15130045	162389
15130045	162637
15130045	162402
15130045	161883
15130045	162411
15130045	162864
15130045	163691
15130045	163574
15130045	163956
15130045	164624
15130045	163867
15130045	164658
15130045	164691
15130045	164643
15130045	164263
15130045	164771
15130045	164812
15130045	164875
15130045	164751
15130045	164941
15130045	164106
15130045	164048
15130045	165273
15130045	165523
15130045	166011
15130045	165943
15130045	166302
15130045	166766
15130045	166734
15130045	167241
15130045	167317
15130045	167708
15130045	167656
15130045	168002
15130045	168089
15130045	166924
15130045	168417
15130045	168596
15130045	168933
15130045	168131
15130045	168755
15130045	168969
15130045	168659
15130045	168558
15130045	169211
15130045	169257
15130045	168375
15130045	169334
15130045	168869
15130045	169520
15130045	169489
15130045	169227
15130045	169646
15130045	169145
15130045	169631
15130045	170110
15130045	170814
15130045	170760
15130045	171287
15130045	171940
15130045	172087
15130045	172119
15130045	171949
15130045	172276
15130045	172617
15130045	173377
15130045	173240
15130045	172930
15130045	173627
15130045	173721
15130045	173869
15130045	173701
15130045	174030
15130045	173710
15130045	174228
15130045	174521
15130045	174920
15130045	174928
15130045	174588
15130045	175253
15130045	175210
15130045	175143
15130045	175625
15130045	174979
15130045	176051
15130045	175985
15130045	176212
15130045	176220
15130045	175992
15130045	175976
15130045	176564
15130045	176830
15130045	176823
15130045	176518
15130045	177098
15130045	177031
15130045	176167
15130045	176811
15130045	177456
15130045	177720
15130045	178021
15130045	178165
15130045	178156
15130045	178074
15130045	177489
15130045	178322
15130045	177671
15130045	178412
15130045	178442
15130045	178545
15130045	178735
15130045	178514
15130045	178727
15130045	178493
15130045	178835
15130045	178745
15130045	178867
15130045	178460
15130045	178790
15130045	179137
15130045	179044
15130045	178109
15130045	179036
15130045	179396
15130045	179434
15130045	179996
15130045	179759
15130045	179960
15130045	180274
15130045	180444
15130045	180580
15130045	180887
15130045	180541
15130045	181440
15130045	181089
15130045	180820
15130045	180728
15130045	180859
15130045	181403
15130045	181791
15130045	181782
15130045	182116
15130045	181959
15130045	181448
15130045	182524
15130045	183075
15130045	183155
15130045	183323
15130045	182615
15130045	183260
15130045	183424
15130045	183277
15130045	183212
15130045	183454
15130045	183556
15130045	183477
15130045	183203
15130045	183597
15130045	183681
15130045	183441
15130045	183392
15130045	183914
15130045	183169
15130045	184083
15130045	184060
15130045	183780
15130045	184230
15130045	184496
15130045	184721
15130045	184925
15130045	185383
15130045	185368
15130045	185019
15130045	184782
15130045	185749
15130045	185423
15130045	185502
15130045	185357
15130045	185405
15130045	185340
15130045	186246
15130045	185727
15130045	186362
15130045	186465
15130045	186213
15130045	187037
15130045	187062
15130045	187221
15130045	187242
15130045	187120
15130045	187143
15130045	187273
15130045	186995
15130045	187350
15130045	187407
15130045	187306
15130045	187265
15130045	187745
15130045	187737
15130045	187974
15130045	187831
15130045	187279
15130045	188591
15130045	188967
15130045	189115
15130045	189457
15130045	189655
15130045	189741
15130045	190202
15130045	190456
15130045	190312
15130045	190269
15130045	190566
15130045	190916
15130045	190924
15130045	192101
15130045	192177
15130045	192491
15130045	192612
15130045	192814
15130045	192720
15130045	193289
15130045	193303
15130045	193002
15130045	192913
15130045	193342
15130045	192837
15130045	193255
15130045	193682
15130045	193799
15130045	194375
15130045	194272
15130045	194281
15130045	194704
15130045	194765
15130045	195010
15130045	195111
15130045	195099
15130045	194645
15130045	194650
15130045	195045
15130045	195282
15130045	195306
15130045	196932
15130045	197021
15130045	197327
15130045	197066
15130045	196855
15130045	197369
15130045	196958
15130045	197488
15130045	197476
15130045	197388
15130045	197583
15130045	197694
15130045	197622
15130045	197195
15130045	198051
15130045	198241
15130045	198005
15130045	198559
15130045	198939
15130045	199081
15130045	199550
15130045	199291
15130045	199412
15130045	199687
15130045	199885
15130045	200154
15130045	200487
15130045	200752
15130045	199814
15130045	200839
15130045	200833
15130045	200209
15130045	201077
15130045	200414
15130045	201143
15130045	201494
15130045	201938
15130045	201768
15130045	201660
15130045	202175
15130045	202616
15130045	203162
15130045	203855
15130045	203089
15130045	203830
15130045	203993
15130045	203642
15130045	204016
15130045	204099
15130045	204804
15130045	204457
15130045	204216
15130045	204465
15130045	204959
15130045	204576
15130045	204858
15130045	205699
15130045	205956
15130045	204952
15130045	205939
15130045	206666
15130045	206801
15130045	206877
15130045	206341
15130045	206988
15130045	206854
15130045	206894
15130045	207103
15130045	206918
15130045	207376
15130045	207573
15130045	207302
15130045	207223
15130045	207733
15130045	207794
15130045	208100
15130045	208004
15130045	208146
15130045	208550
15130045	208651
15130045	208900
15130045	208497
15130045	208263
15130045	208935
15130045	208978
15130045	209256
15130045	209082
15130045	209380
15130045	209010
15130045	208779
15130045	210271
15130045	210156
15130045	210658
15130045	211008
15130045	211093
15130045	210981
15130045	211100
15130045	212408
15130045	212417
15130045	212470
15130045	212237
15130045	211854
15130045	212904
15130045	212670
15130045	212934
15130045	212769
15130045	212857
15130045	212639
15130045	213075
15130045	213092
15130045	213145
15130045	213255
15130045	213231
15130045	213207
15130045	213314
15130045	213268
15130045	213137
15130045	213392
15130045	212957
15130045	213514
15130045	213553
15130045	212941
15130045	212867
15130045	213441
15130045	213177
15130045	213623
15130045	213485
15130045	213010
15130045	213795
15130045	213991
15130045	214067
15130045	214324
15130045	214648
15130045	214573
15130045	214591
15130045	214815
15130045	214253
15130045	215073
15130045	215056
15130045	214989
15130045	215531
15130045	216150
15130045	216036
15130045	216746
15130045	217100
15130045	216768
15130045	216931
15130045	219067
15130045	218725
15130045	219659
15130045	219503
15130045	219698
15130045	219121
15130045	219572
15130045	219507
15130045	219606
15130045	219783
15130045	219589
15130045	219908
15130045	220291
15130045	220121
15130045	220310
15130045	220233
15130045	220362
15130045	220575
15130045	220596
15130045	220138
15130045	220023
15130045	220681
15130045	220669
15130045	220830
15130045	220988
15130045	220346
15130045	220543
15130045	221002
15130045	220946
15130045	221039
15130045	220856
15130045	220691
15130045	220838
15130045	221327
15130045	221349
15130045	221499
15130045	221493
15130045	221573
15130045	221444
15130045	221565
15130045	221216
15130045	221148
15130045	221727
15130045	221434
15130045	221681
15130045	221528
15130045	223256
15130045	223402
15130045	223561
15130045	223591
15130045	223543
15130045	223415
15130045	224027
15130045	224166
15130045	223805
15130045	224519
15130045	224780
15130045	224506
15130045	224789
15130045	224941
15130045	226608
15130045	226365
15130045	226752
15130045	226648
15130045	226616
15130045	226999
15130045	227060
15130045	227246
15130045	227170
15130045	227569
15130045	227584
15130045	227760
15130045	227678
15130045	227406
15130045	227331
15130045	228004
15130045	227602
15130045	228023
15130045	228428
15130045	228252
15130045	228582
15130045	228984
15130045	228947
15130045	229296
15130045	229263
15130045	229656
15130045	229728
15130045	229468
15130045	230476
15130045	230055
15130045	230453
15130045	230117
15130045	230857
15130045	231383
15130045	231651
15130045	231308
15130045	231337
15130045	232072
15130045	232197
15130045	232248
15130045	232910
15130045	232927
15130045	233559
15130045	233737
15130045	232974
15130045	233807
15130045	234919
15130045	234338
15130045	235181
15130045	235165
15130045	235063
15130045	235474
15130045	235443
15130045	235809
15130045	235701
15130045	236232
15130045	236468
15130045	236391
15130045	236773
15130045	236817
15130045	237006
15130045	236420
15130045	236538
15130045	236889
15130045	237370
15130045	237694
15130045	237625
15130045	237878
15130045	237797
15130045	237668
15130045	237926
15130045	237774
15130045	237402
15130045	237748
15130045	238006
15130045	237896
15130045	237959
15130045	237716
15130045	238365
15130045	238560
15130045	238407
15130045	238511
15130045	238535
15130045	238528
15130045	237700
15130045	238092
15130045	238720
15130045	238739
15130045	238858
15130045	238950
15130045	239001
15130045	239130
15130045	239412
15130045	239572
15130045	239225
15130045	238755
15130045	239908
15130045	240745
15130045	240753
15130045	240811
15130045	240948
15130045	241094
15130045	240884
15130045	241213
15130045	240899
15130045	241260
15130045	241250
15130045	240804
15130045	241383
15130045	240915
15130045	241413
15130045	241744
15130045	241684
15130045	242118
15130045	242150
15130045	242155
15130045	242234
15130045	242523
15130045	243874
15130045	243834
15130045	244138
15130045	244061
15130045	244449
15130045	244110
15130045	244531
15130045	244736
15130045	244643
15130045	244939
15130045	244836
15130045	243859
15130045	244948
15130045	245211
15130045	245102
15130045	245160
15130045	245196
15130045	245321
15130045	245391
15130045	245444
15130045	245096
15130045	245490
15130045	245742
15130045	245437
15130045	245597
15130045	245274
15130045	245458
15130045	245714
15130045	245261
15130045	245809
15130045	244844
15130045	245707
15130045	245896
15130045	245904
15130045	245507
15130045	245986
15130045	246081
15130045	246089
15130045	246221
15130045	245801
15130045	245888
15130045	246186
15130045	246139
15130045	246204
15130045	246470
15130045	246549
15130045	246403
15130045	246652
15130045	246500
15130045	246454
15130045	246732
15130045	247273
15130045	247086
15130045	247288
15130045	247357
15130045	247266
15130045	247289
15130045	247543
15130045	246918
15130045	246909
15130045	247366
15130045	247370
15130045	247011
15130045	247079
15130045	247591
15130045	247570
15130045	247675
15130045	247950
15130045	248179
15130045	248187
15130045	247641
15130045	248351
15130045	248455
15130045	248250
15130045	248657
15130045	249064
15130045	248770
15130045	248675
15130045	248861
15130045	248867
15130045	249339
15130045	249835
15130045	249935
15130045	250396
15130045	249952
15130045	249999
15130045	250480
15130045	250008
15130045	250659
15130045	250643
15130045	250487
15130045	250365
15130045	250729
15130045	250766
15130045	250116
15130045	250505
15130045	250896
15130045	250982
15130045	251007
15130045	250519
15130045	251298
15130045	250706
15130045	251399
15130045	251195
15130045	250932
15130045	251444
15130045	251531
15130045	251644
15130045	251366
15130045	251776
15130045	251415
15130045	251987
15130045	251800
15130045	251991
15130045	251808
15130045	252230
15130045	251816
15130045	252173
15130045	252609
15130045	252921
15130045	252828
15130045	253115
15130045	253146
15130045	252803
15130045	253388
15130045	253880
15130045	253490
15130045	253982
15130045	253730
15130045	254000
15130045	253862
15130045	254234
15130045	254639
15130045	254946
15130045	255085
15130045	254464
15130045	254295
15130045	254874
15130045	254681
15130045	254261
15130045	254937
15130045	255403
15130045	255252
15130045	255372
15130045	255561
15130045	255831
15130045	256094
15130045	255691
15130045	256395
15130045	255968
15130045	256636
15130045	256816
15130045	256592
15130045	255972
15130045	256659
15130045	256729
15130045	256839
15130045	256994
15130045	257005
15130045	257140
15130045	256882
15130045	257320
15130045	257119
15130045	256712
15130045	257565
15130045	257559
15130045	257528
15130045	258137
15130045	258127
15130045	258731
15130045	258350
15130045	259114
15130045	259306
15130045	259008
15130045	259519
15130045	259333
15130045	259440
15130045	259791
15130045	259619
15130045	259719
15130045	260591
15130045	260270
15130045	260147
15130045	260375
15130045	260693
15130045	260759
15130045	260700
15130045	260104
15130045	260768
15130045	260886
15130045	259939
15130045	260876
15130045	260939
15130045	260918
15130045	261254
15130045	261219
15130045	261535
15130045	262001
15130045	261955
15130045	262620
15130045	262936
15130045	263191
15130045	263417
15130045	262893
15130045	263630
15130045	263413
15130045	264201
15130045	264055
15130045	264373
15130045	263769
15130045	263854
15130045	264543
15130045	264710
15130045	264570
15130045	264904
15130045	264946
15130045	265107
15130045	265069
15130045	265490
15130045	265217
15130045	265514
15130045	265866
15130045	266370
15130045	266181
15130045	266845
15130045	266435
15130045	267056
15130045	266906
15130045	267233
15130045	267686
15130045	267417
15130045	267698
15130045	268681
15130045	268226
15130045	268940
15130045	268983
15130045	268782
15130045	269625
15130045	269413
15130045	268954
15130045	270042
15130045	269889
15130045	270088
15130045	269248
15130045	269821
15130045	270565
15130045	270760
15130045	270496
15130045	270797
15130045	271233
15130045	271169
15130045	270464
15130045	271440
15130045	271609
15130045	271618
15130045	271587
15130045	271839
15130045	272364
15130045	272930
15130045	272829
15130045	272617
15130045	272939
15130045	272991
15130045	273278
15130045	274060
15130045	274631
15130045	274854
15130045	275536
15130045	275450
15130045	276042
15130045	276234
15130045	276298
15130045	276447
15130045	276572
15130045	275808
15130045	275728
15130045	276785
15130045	276924
15130045	277369
15130045	276610
15130045	277447
15130045	277784
15130045	278273
15130045	278100
15130045	278521
15130045	278351
15130045	278546
15130045	278367
15130045	277937
15130045	278742
15130045	278562
15130045	278282
15130045	278776
15130045	278422
15130045	278533
15130045	278768
15130045	278601
15130045	279016
15130045	278982
15130045	279029
15130045	279008
15130045	278657
15130045	279432
15130045	279309
15130045	279789
15130045	279285
15130045	279718
15130045	279764
15130045	280425
15130045	280519
15130045	280458
15130045	280565
15130045	280875
15130045	280757
15130045	280549
15130045	280946
15130045	280860
15130045	281201
15130045	280598
15130045	281217
15130045	281676
15130045	282086
15130045	282026
15130045	282111
15130045	282445
15130045	282280
15130045	282421
15130045	282207
15130045	282253
15130045	282455
15130045	282677
15130045	282673
15130045	282647
15130045	282540
15130045	282802
15130045	281901
15130045	282666
15130045	283492
15130045	283693
15130045	283706
15130045	283651
15130045	283602
15130045	283819
15130045	283562
15130045	283928
15130045	283522
15130045	283544
15130045	283482
15130045	283994
15130045	283911
15130045	283810
15130045	283368
15130045	284467
15130045	284708
15130045	284855
15130045	284716
15130045	285604
15130045	285314
15130045	285669
15130045	285949
15130045	285132
15130045	286459
15130045	285988
15130045	286774
15130045	287164
15130045	287297
15130045	286889
15130045	287198
15130045	287453
15130045	287789
15130045	288721
15130045	288434
15130045	288795
15130045	288310
15130045	288888
15130045	289178
15130045	288961
15130045	289104
15130045	289312
15130045	289673
15130045	288952
15130045	290302
15130045	289805
15130045	290566
15130045	290647
15130045	291533
15130045	293456
15130045	293512
15130045	294891
15130045	294658
15130045	296576
15130045	296459
15130045	296758
15130045	296698
15130045	296819
15130045	296789
15130045	297084
15130045	296355
15130045	296871
15130045	297587
15130045	297622
15130045	298730
15130045	298501
15130045	299444
15130045	299511
15130045	300137
15130045	300536
15130045	300197
15130045	301046
15130045	301269
15130045	301061
15130045	301163
15130045	301465
15130045	301332
15130045	301726
15130045	301038
15130045	302130
15130045	302613
15130045	302304
15130045	302750
15130045	302475
15130045	302883
15130045	302521
15130045	302912
15130045	302764
15130045	302991
15130045	303088
15130045	302499
15130045	302953
15130045	303208
15130045	302779
15130045	302896
15130045	303327
15130045	302651
15130045	303244
15130045	303552
15130045	303783
15130045	304632
15130045	304725
15130045	304932
15130045	304839
15130045	304790
15130045	304694
15130045	304668
15130045	305143
15130045	305373
15130045	305700
15130045	306005
15130045	306036
15130045	306153
15130045	305768
15130045	305959
15130045	306167
15130045	306274
15130045	306488
15130045	306413
15130045	306766
15130045	306497
15130045	306797
15130045	306668
15130045	306079
15130045	307200
15130045	307617
15130045	307278
15130045	307798
15130045	307654
15130045	307443
15130045	308366
15130045	308271
15130045	308709
15130045	308952
15130045	309164
15130045	309137
15130045	308840
15130045	308962
15130045	308863
15130045	309274
15130045	308552
15130045	309238
15130045	309576
15130045	309528
15130045	309555
15130045	308984
15130045	308813
15130045	309389
15130045	308726
15130045	309865
15130045	309978
15130045	309954
15130045	309900
15130045	310626
15130045	311378
15130045	311724
15130045	311505
15130045	311864
15130045	311979
15130045	311846
15130045	311685
15130045	311316
15130045	312400
15130045	311855
15130045	312851
15130045	312859
15130045	313994
15130045	313741
15130045	314263
15130045	314206
15130045	314571
15130045	314700
15130045	314802
15130045	314359
15130045	315208
15130045	315052
15130045	316136
15130045	316146
15130045	315664
15130045	315812
15130045	316257
15130045	317145
15130045	316873
15130045	317296
15130045	317306
15130045	316961
15130045	317050
15130045	317731
15130045	317882
15130045	317689
15130045	317663
15130045	318235
15130045	318063
15130045	318291
15130045	317856
15130045	318299
15130045	318320
15130045	318216
15130045	318072
15130045	318686
15130045	318906
15130045	319157
15130045	319127
15130045	319235
15130045	319275
15130045	319427
15130045	319862
15130045	320372
15130045	320505
15130045	320510
15130045	320604
15130045	320481
15130045	320683
15130045	320300
15130045	320541
15130045	320794
15130045	320330
15130045	320132
15130045	320910
15130045	320969
15130045	320976
15130045	321216
15130045	322398
15130045	322141
15130045	322440
15130045	323721
15130045	322914
15130045	324015
15130045	324091
15130045	323819
15130045	324059
15130045	324140
15130045	323949
15130045	324042
15130045	324347
15130045	324225
15130045	324687
15130045	324636
15130045	324678
15130045	324189
15130045	325103
15130045	325028
15130045	324788
15130045	325141
15130045	324641
15130045	325339
15130045	325330
15130045	325648
15130045	325812
15130045	326453
15130045	326998
15130045	326949
15130045	327064
15130045	327295
15130045	327285
15130045	326585
15130045	327174
15130045	327225
15130045	327464
15130045	327481
15130045	327384
15130045	327157
15130045	327544
15130045	327597
15130045	327729
15130045	327603
15130045	327753
15130045	327277
15130045	327866
15130045	327806
15130045	327797
15130045	327945
15130045	328700
15130045	329002
15130045	328683
15130045	328608
15130045	329584
15130045	329513
15130045	329338
15130045	329291
15130045	329717
15130045	330015
15130045	329501
15130045	330296
15130045	330095
15130045	329869
15130045	329771
15130045	330527
15130045	330612
15130045	331377
15130045	332644
15130045	333238
15130045	334226
15130045	333446
15130045	334187
15130045	334426
15130045	334410
15130045	334290
15130045	334483
15130045	334594
15130045	334588
15130045	335756
15130045	334944
15130045	335616
15130045	335602
15130045	336424
15130045	336753
15130045	336898
15130045	336975
15130045	337033
15130045	337115
15130045	337453
15130045	337197
15130045	337333
15130045	337721
15130045	337349
15130045	337419
15130045	337383
15130045	337668
15130045	337851
15130045	337730
15130045	337758
15130045	338025
15130045	338031
15130045	337655
15130045	338100
15130045	337784
15130045	337291
15130045	338263
15130045	338497
15130045	338007
15130045	338929
15130045	339851
15130045	338910
15130045	340069
15130045	340557
15130045	340876
15130045	340571
15130045	341133
15130045	341321
15130045	341786
15130045	341545
15130045	342035
15130045	342372
15130045	342111
15130045	342260
15130045	342938
15130045	343215
15130045	343414
15130045	343693
15130045	343120
15130045	343222
15130045	343973
15130045	344194
15130045	344166
15130045	344274
15130045	344908
15130045	344886
15130045	345281
15130045	345413
15130045	345192
15130045	345450
15130045	345560
15130045	345917
15130045	345784
15130045	346269
15130045	346255
15130045	346542
15130045	347181
15130045	346843
15130045	347457
15130045	347817
15130045	348150
15130045	348987
15130045	349152
15130045	349336
15130045	349677
15130045	349644
15130045	350291
15130045	351280
15130045	351431
15130045	351683
15130045	352173
15130045	351643
15130045	351799
15130045	352303
15130045	352561
15130045	352540
15130045	352760
15130045	352660
15130045	353008
15130045	353138
15130045	353040
15130045	353673
15130045	353153
15130045	353690
15130045	353931
15130045	354013
15130045	354270
15130045	355434
15130045	355356
15130045	355484
15130045	355266
15130045	356050
15130045	355919
15130045	356200
15130045	355843
15130045	356138
15130045	356708
15130045	356332
15130045	356824
15130045	356058
15130045	356861
15130045	356441
15130045	356660
15130045	357239
15130045	357182
15130045	357437
15130045	357280
15130045	357708
15130045	357841
15130045	357816
15130045	357878
15130045	357381
15130045	357656
15130045	358050
15130045	358590
15130045	358707
15130045	358699
15130045	359171
15130045	359357
15130045	359514
15130045	359328
15130045	359829
15130045	359887
15130045	359546
15130045	359932
15130045	359944
15130045	359273
15130045	358786
15130045	360207
15130045	360112
15130045	360423
15130045	360365
15130045	360056
15130045	360492
15130045	359947
15130045	359553
15130045	360788
15130045	360601
15130045	361391
15130045	362291
15130045	362256
15130045	362501
15130045	362432
15130045	362537
15130045	362450
15130045	363483
15130045	363601
15130045	363874
15130045	363404
15130045	364747
15130045	364576
15130045	364919
15130045	365197
15130045	364978
15130045	365085
15130045	365361
15130045	366487
15130045	366175
15130045	366966
15130045	366989
15130045	368297
15130045	367981
15130045	367906
15130045	368647
15130045	368698
15130045	368444
15130045	369636
15130045	369856
15130045	369658
15130045	369576
15130045	369368
15130045	369304
15130045	369889
15130045	370000
15130045	370034
15130045	369757
15130045	370377
15130045	370369
15130045	370387
15130045	370875
15130045	370825
15130045	370734
15130045	371038
15130045	372783
15130045	373019
15130045	372675
15130045	372085
15130045	372599
15130045	372551
15130045	372509
15130045	373311
15130045	373488
15130045	373608
15130045	374159
15130045	374668
15130045	374366
15130045	374550
15130045	374943
15130045	374233
15130045	375935
15130045	375911
15130045	376534
15130045	376619
15130045	375599
15130045	377305
15130045	378774
15130045	378910
15130045	378675
15130045	378235
15130045	379519
15130045	379846
15130045	378956
15130045	379365
15130045	380007
15130045	379942
15130045	380123
15130045	380046
15130045	380375
15130045	380261
15130045	380016
15130045	380626
15130045	380828
15130045	380296
15130045	380692
15130045	381257
15130045	381225
15130045	381470
15130045	381231
15130045	380759
15130045	381668
15130045	381326
15130045	381534
15130045	380459
15130045	381819
15130045	382096
15130045	381976
15130045	382112
15130045	382371
15130045	381511
15130045	382120
15130045	382148
15130045	382319
15130045	382068
15130045	382612
15130045	382680
15130045	382654
15130045	382997
15130045	384316
15130045	384701
15130045	384887
15130045	384714
15130045	384793
15130045	384657
15130045	384504
15130045	385702
15130045	385729
15130045	385572
15130045	385830
15130045	386054
15130045	386129
15130045	386028
15130045	386383
15130045	386729
15130045	386948
15130045	386765
15130045	387308
15130045	387525
15130045	387502
15130045	387542
15130045	387591
15130045	387939
15130045	387923
15130045	388003
15130045	387830
15130045	387880
15130045	387373
15130045	387552
15130045	388045
15130045	388389
15130045	388357
15130045	388686
15130045	388668
15130045	388652
15130045	388606
15130045	388589
15130045	389058
15130045	388694
15130045	389135
15130045	388973
15130045	389394
15130045	389506
15130045	389382
15130045	389513
15130045	389089
15130045	389472
15130045	389681
15130045	389597
15130045	389674
15130045	389770
15130045	389388
15130045	389724
15130045	389810
15130045	390020
15130045	389662
15130045	390068
15130045	390606
15130045	390144
15130045	390813
15130045	390990
15130045	390780
15130045	391357
15130045	391335
15130045	391323
15130045	391146
15130045	391232
15130045	391466
15130045	391449
15130045	391727
15130045	391608
15130045	391269
15130045	391669
15130045	391636
15130045	392140
15130045	392303
15130045	392554
15130045	392401
15130045	392614
15130045	392609
15130045	392340
15130045	392768
15130045	392481
15130045	392876
15130045	392844
15130045	392851
15130045	392378
15130045	392699
15130045	392973
15130045	392983
15130045	393078
15130045	393044
15130045	393264
15130045	393320
15130045	393295
15130045	393315
15130045	393102
15130045	393393
15130045	393351
15130045	394500
15130045	394644
15130045	394436
15130045	394972
15130045	395225
15130045	395385
15130045	395039
15130045	395911
15130045	395926
15130045	396334
15130045	396549
15130045	396669
15130045	396730
15130045	396772
15130045	396974
15130045	396908
15130045	397289
15130045	397013
15130045	397190
15130045	399005
15130045	399168
15130045	399277
15130045	399214
15130045	399665
15130045	401451
15130045	401230
15130045	401469
15130045	401496
15130045	401434
15130045	400848
15130045	401535
15130045	401315
15130045	401757
15130045	402165
15130045	401722
15130045	401749
15130045	402782
15130045	402395
15130045	403166
15130045	402486
15130045	403354
15130045	403613
15130045	403871
15130045	403665
15130045	404185
15130045	403620
15130045	404402
15130045	404125
15130045	403729
15130045	404819
15130045	404609
15130045	404954
15130045	404905
15130045	405095
15130045	404809
15130045	405309
15130045	405274
15130045	405486
15130045	404775
15130045	405058
15130045	405711
15130045	405829
15130045	406009
15130045	406117
15130045	405906
15130045	405568
15130045	406347
15130045	406600
15130045	405804
15130045	406783
15130045	406639
15130045	406402
15130045	407269
15130045	406816
15130045	407135
15130045	407517
15130045	407731
15130045	407438
15130045	407806
15130045	407659
15130045	407748
15130045	407816
15130045	407650
15130045	407884
15130045	407851
15130045	407942
15130045	408133
15130045	407708
15130045	407966
15130045	408305
15130045	408566
15130045	408558
15130045	408991
15130045	408799
15130045	409451
15130045	409743
15130045	409798
15130045	409191
15130045	409881
15130045	409957
15130045	409199
15130045	409828
15130045	410388
15130045	410990
15130045	410945
15130045	410237
15130045	410653
15130045	410879
15130045	411478
15130045	411672
15130045	412169
15130045	411410
15130045	412134
15130045	412230
15130045	412523
15130045	412568
15130045	411879
15130045	412499
15130045	412850
15130045	412878
15130045	412623
15130045	412966
15130045	413034
15130045	413142
15130045	413225
15130045	413417
15130045	413470
15130045	413602
15130045	413478
15130045	413102
15130045	413879
15130045	413962
15130045	413887
15130045	414390
15130045	414448
15130045	413777
15130045	413985
15130045	414573
15130045	414328
15130045	415912
15130045	415997
15130045	415793
15130045	415783
15130045	416110
15130045	415821
15130045	415918
15130045	415587
15130045	416163
15130045	416179
15130045	415286
15130045	416294
15130045	416015
15130045	415844
15130045	416315
15130045	416144
15130045	415989
15130045	416685
15130045	416780
15130045	417001
15130045	416727
15130045	417081
15130045	417351
15130045	417342
15130045	417135
15130045	417336
15130045	418063
15130045	422254
15130045	422044
15130045	422602
15130045	422534
15130045	422728
15130045	422551
15130045	422774
15130045	422822
15130045	422360
15130045	422998
15130045	423014
15130045	423317
15130045	423381
15130045	422571
15130045	423201
15130045	422651
15130045	423284
15130045	423572
15130045	423653
15130045	423739
15130045	423793
15130045	423403
15130045	423396
15130045	424211
15130045	424683
15130045	424241
15130045	424409
15130045	424975
15130045	425021
15130045	425189
15130045	425282
15130045	425319
15130045	425013
15130045	426365
15130045	426357
15130045	426788
15130045	427505
15130045	427243
15130045	427361
15130045	427586
15130045	427644
15130045	427144
15130045	427533
15130045	427785
15130045	427705
15130045	427131
15130045	427986
15130045	427994
15130045	428067
15130045	428029
15130045	428556
15130045	429354
15130045	429508
15130045	429610
15130045	429642
15130045	429695
15130045	429943
15130045	429820
15130045	430195
15130045	429811
15130045	429683
15130045	429911
15130045	430321
15130045	430223
15130045	430469
15130045	430075
15130045	430264
15130045	430235
15130045	430566
15130045	431026
15130045	430411
15130045	431010
15130045	431192
15130045	431042
15130045	431076
15130045	431234
15130045	431290
15130045	431649
15130045	431777
15130045	431934
15130045	432026
15130045	431987
15130045	432233
15130045	432117
15130045	431844
15130045	432263
15130045	432329
15130045	432819
15130045	432650
15130045	433820
15130045	433983
15130045	433846
15130045	434060
15130045	433807
15130045	434281
15130045	434337
15130045	434295
15130045	434404
15130045	434779
15130045	434833
15130045	434559
15130045	434905
15130045	435314
15130045	435033
15130045	435062
15130045	435658
15130045	435775
15130045	435865
15130045	436006
15130045	435770
15130045	435800
15130045	435204
15130045	437127
15130045	438030
15130045	438077
15130045	437961
15130045	438428
15130045	439101
15130045	439166
15130045	439042
15130045	439411
15130045	439575
15130045	439555
15130045	439696
15130045	439801
15130045	439844
15130045	439628
15130045	439770
15130045	439829
15130045	440006
15130045	440050
15130045	439918
15130045	439966
15130045	441117
15130045	441039
15130045	441542
15130045	441086
15130045	441834
15130045	441927
15130045	442086
15130045	442002
15130045	442150
15130045	441656
15130045	442232
15130045	442037
15130045	442435
15130045	442601
15130045	442830
15130045	442979
15130045	443099
15130045	442647
15130045	443051
15130045	443208
15130045	443234
15130045	443217
15130045	443567
15130045	443342
15130045	443933
15130045	443803
15130045	443717
15130045	446255
15130045	445807
15130045	446408
15130045	446390
15130045	446525
15130045	445886
15130045	446400
15130045	446716
15130045	446347
15130045	447143
15130045	447230
15130045	447679
15130045	447698
15130045	447839
15130045	448139
15130045	448156
15130045	448164
15130045	447934
15130045	448227
15130045	448182
15130045	448326
15130045	448042
15130045	447846
15130045	448442
15130045	450190
15130045	450200
15130045	450144
15130045	450026
15130045	449152
15130045	450241
15130045	449992
15130045	450583
15130045	450371
15130045	450874
15130045	450584
15130045	450639
15130045	451401
15130045	450579
15130045	451427
15130045	451475
15130045	451803
15130045	451839
15130045	452039
15130045	451870
15130045	451536
15130045	452087
15130045	453045
15130045	453067
15130045	453029
15130045	453290
15130045	453697
15130045	453621
15130045	453684
15130045	454283
15130045	454299
15130045	455155
15130045	455460
15130045	455533
15130045	455632
15130045	455677
15130045	455381
15130045	455120
15130045	455800
15130045	455540
15130045	455396
15130045	455816
15130045	455991
15130045	455840
15130045	456069
15130045	456024
15130045	456113
15130045	456248
15130045	456255
15130045	456397
15130045	456478
15130045	456738
15130045	456880
15130045	456845
15130045	457491
15130045	457624
15130045	457123
15130045	457609
15130045	457800
15130045	457860
15130045	457833
15130045	457372
15130045	457950
15130045	457938
15130045	457761
15130045	457173
15130045	458150
15130045	457885
15130045	458098
15130045	458450
15130045	458262
15130045	459689
15130045	459374
15130045	460136
15130045	460760
15130045	461241
15130045	460941
15130045	461255
15130045	461248
15130045	461714
15130045	461348
15130045	462144
15130045	462279
15130045	463350
15130045	463396
15130045	463391
15130045	463137
15130045	463162
15130045	463188
15130045	463429
15130045	463384
15130045	463570
15130045	463748
15130045	463583
15130045	463118
15130045	463939
15130045	463536
15130045	463730
15130045	464082
15130045	464124
15130045	464075
15130045	464372
15130045	464409
15130045	465609
15130045	465711
15130045	465626
15130045	465836
15130045	465961
15130045	465299
15130045	465698
15130045	465996
15130045	466045
15130045	466603
15130045	466695
15130045	466293
15130045	467231
15130045	467362
15130045	467305
15130045	467262
15130045	467270
15130045	467144
15130045	467807
15130045	467682
15130045	466875
15130045	467822
15130045	467636
15130045	467466
15130045	467534
15130045	467443
15130045	468027
15130045	468102
15130045	468078
15130045	468907
15130045	468559
15130045	468474
15130045	469057
15130045	469705
15130045	470007
15130045	470955
15130045	472102
15130045	472059
15130045	472054
15130045	472533
15130045	472649
15130045	472561
15130045	473275
15130045	473544
15130045	473677
15130045	474450
15130045	474863
15130045	475301
15130045	475378
15130045	475373
15130045	474631
15130045	475222
15130045	475665
15130045	475747
15130045	476455
15130045	476422
15130045	476535
15130045	477299
15130045	478122
15130045	477849
15130045	478823
15130045	478815
15130045	479145
15130045	479308
15130045	479766
15130045	480088
15130045	479983
15130045	479609
15130045	480126
15130045	480608
15130045	480445
15130045	480725
15130045	480930
15130045	480141
15130045	480804
15130045	480849
15130045	481330
15130045	481139
15130045	481215
15130045	481617
15130045	481118
15130045	481764
15130045	482065
15130045	482490
15130045	482464
15130045	482457
15130045	482622
15130045	482821
15130045	482786
15130045	482893
15130045	482807
15130045	483010
15130045	482977
15130045	483066
15130045	483484
15130045	483260
15130045	483292
15130045	483695
15130045	484201
15130045	483364
15130045	484132
15130045	483430
15130045	484574
15130045	484560
15130045	484542
15130045	484629
15130045	484643
15130045	484938
15130045	484892
15130045	484670
15130045	484440
15130045	484655
15130045	485034
15130045	485052
15130045	485124
15130045	485399
15130045	485686
15130045	485042
15130045	486039
15130045	486016
15130045	485978
15130045	486108
15130045	486101
15130045	486465
15130045	487706
15130045	487196
15130045	487785
15130045	488142
15130045	487852
15130045	488408
15130045	487647
15130045	488291
15130045	488478
15130045	488609
15130045	487670
15130045	488626
15130045	489141
15130045	489203
15130045	489091
15130045	489213
15130045	488519
15130045	489262
15130045	488855
15130045	489301
15130045	489647
15130045	489679
15130045	489431
15130045	489670
15130045	489895
15130045	489838
15130045	489958
15130045	490087
15130045	489924
15130045	490123
15130045	490231
15130045	490417
15130045	490219
15130045	492650
15130045	492942
15130045	492780
15130045	493310
15130045	492711
15130045	492834
15130045	493457
15130045	493514
15130045	493489
15130045	493526
15130045	493505
15130045	493666
15130045	494139
15130045	494219
15130045	493584
15130045	493794
15130045	494548
15130045	494228
15130045	494577
15130045	495037
15130045	494918
15130045	495415
15130045	495325
15130045	496152
15130045	496103
15130045	496269
15130045	497024
15130045	498195
15130045	497989
15130045	498478
15130045	497755
15130045	498411
15130045	498742
15130045	498213
15130045	498767
15130045	500604
15130045	500839
15130045	500646
15130045	501244
15130045	500421
15130045	501582
15130045	502225
15130045	502211
15130045	502152
15130045	502659
15130045	503075
15130045	503123
15130045	503178
15130045	504307
15130045	503709
15130045	505165
15130045	505440
15130045	505785
15130045	505761
15130045	505960
15130045	505477
15130045	506651
15130045	506412
15130045	507242
15130045	508012
15130045	508245
15130045	507889
15130045	508401
15130045	509030
15130045	508927
15130045	509363
15130045	509515
15130045	508831
15130045	510387
15130045	510885
15130045	510699
15130045	510878
15130045	511432
15130045	511119
15130045	511752
15130045	511143
15130045	512020
15130045	512077
15130045	512782
15130045	512912
15130045	512991
15130045	512711
15130045	512981
15130045	513402
15130045	513299
15130045	513450
15130045	513713
15130045	513744
15130045	514055
15130045	514266
15130045	514637
15130045	514307
15130045	514963
15130045	514857
15130045	514896
15130045	514912
15130045	514979
15130045	515227
15130045	515334
15130045	515945
15130045	515235
15130045	516023
15130045	516056
15130045	516152
15130045	516443
15130045	516645
15130045	517850
15130045	516707
15130045	518199
15130045	518335
15130045	518325
15130045	518064
15130045	518494
15130045	518744
15130045	518416
15130045	518469
15130045	518482
15130045	518881
15130045	519013
15130045	519756
15130045	519789
15130045	519510
15130045	519865
15130045	520065
15130045	520583
15130045	520559
15130045	521361
15130045	521500
15130045	521868
15130045	522006
15130045	521697
15130045	522408
15130045	522030
15130045	523015
15130045	523196
15130045	523085
15130045	523313
15130045	523788
15130045	523457
15130045	523092
15130045	522457
15130045	523283
15130045	523554
15130045	523933
15130045	524392
15130045	524580
15130045	524999
15130045	525037
15130045	525495
15130045	525632
15130045	525667
15130045	525468
15130045	525549
15130045	525957
15130045	525978
15130045	525571
15130045	525949
15130045	525405
15130045	525888
15130045	526184
15130045	526208
15130045	526308
15130045	525787
15130045	526615
15130045	526733
15130045	526947
15130045	527157
15130045	527198
15130045	527180
15130045	527237
15130045	527069
15130045	526426
15130045	527128
15130045	527251
15130045	527401
15130045	526841
15130045	527755
15130045	527705
15130045	527206
15130045	527875
15130045	528154
15130045	528257
15130045	528160
15130045	528207
15130045	528465
15130045	528227
15130045	527892
15130045	528575
15130045	530437
15130045	530457
15130045	529563
15130045	530663
15130045	530605
15130045	530831
15130045	530449
15130045	531029
15130045	530799
15130045	534096
15130045	535111
15130045	535596
15130045	535253
15130045	535360
15130045	535867
15130045	536152
15130045	536255
15130045	536544
15130045	536493
15130045	537131
15130045	537940
15130045	538154
15130045	538429
15130045	538444
15130045	538338
15130045	538225
15130045	538470
15130045	538590
15130045	538632
15130045	538255
15130045	538617
15130045	538861
15130045	538791
15130045	538419
15130045	538869
15130045	538662
15130045	539055
15130045	539069
15130045	539261
15130045	538948
15130045	539648
15130045	539513
15130045	539711
15130045	539667
15130045	540502
15130045	540648
15130045	540622
15130045	540707
15130045	540673
15130045	540496
15130045	541064
15130045	540315
15130045	540531
15130045	541392
15130045	542026
15130045	541752
15130045	541980
15130045	542193
15130045	542679
15130045	542992
15130045	542878
15130045	542586
15130045	542700
15130045	542717
15130045	543762
15130045	543458
15130045	544030
15130045	544086
15130045	543278
15130045	543958
15130045	544301
15130045	544108
15130045	544278
15130045	544413
15130045	543936
15130045	544078
15130045	544706
15130045	544922
15130045	544875
15130045	544612
15130045	544216
15130045	544972
15130045	544692
15130045	545045
15130045	545155
15130045	545305
15130045	545488
15130045	545113
15130045	545526
15130045	545291
15130045	545696
15130045	545788
15130045	545780
15130045	546268
15130045	546222
15130045	546288
15130045	546454
15130045	546295
15130045	546850
15130045	547274
15130045	546916
15130045	547365
15130045	547396
15130045	547377
15130045	546956
15130045	547143
15130045	547914
15130045	548036
15130045	547937
15130045	547412
15130045	547448
15130045	548264
15130045	548225
15130045	547769
15130045	548628
15130045	548764
15130045	548657
15130045	549086
15130045	548561
15130045	549109
15130045	549587
15130045	549930
15130045	549712
15130045	550000
15130045	549785
15130045	549382
15130045	549289
15130045	550413
15130045	550176
15130045	550547
15130045	550829
15130045	550876
15130045	551025
15130045	551456
15130045	551329
15130045	551265
15130045	551568
15130045	551287
15130045	551647
15130045	551605
15130045	551856
15130045	551848
15130045	552150
15130045	552262
15130045	552540
15130045	552601
15130045	552651
15130045	552978
15130045	553087
15130045	552602
15130045	553107
15130045	553261
15130045	553444
15130045	553634
15130045	553924
15130045	553573
15130045	554212
15130045	554234
15130045	554270
15130045	554187
15130045	553948
15130045	554004
15130045	554964
15130045	555503
15130045	555562
15130045	555795
15130045	555726
15130045	555232
15130045	555831
15130045	555555
15130045	555174
15130045	555224
15130045	556145
15130045	556152
15130045	555686
15130045	556186
15130045	556710
15130045	556398
15130045	557278
15130045	557277
15130045	557237
15130045	557171
15130045	557361
15130045	557309
15130045	557348
15130045	557341
15130045	557483
15130045	557371
15130045	557443
15130045	557575
15130045	557409
15130045	557660
15130045	557218
15130045	557210
15130045	557668
15130045	557831
15130045	557824
15130045	557688
15130045	557957
15130045	557697
15130045	557999
15130045	558420
15130045	558561
15130045	559123
15130045	558675
15130045	559033
15130045	559170
15130045	558741
15130045	559205
15130045	559364
15130045	558734
15130045	559468
15130045	559760
15130045	559848
15130045	560767
15130045	561216
15130045	561149
15130045	561228
15130045	561261
15130045	559946
15130045	561528
15130045	561752
15130045	561897
15130045	561911
15130045	561935
15130045	561854
15130045	561920
15130045	561401
15130045	561733
15130045	562231
15130045	562284
15130045	562147
15130045	562007
15130045	562454
15130045	562839
15130045	562952
15130045	562937
15130045	563517
15130045	563711
15130045	563813
15130045	564048
15130045	564108
15130045	564063
15130045	564289
15130045	564325
15130045	563756
15130045	564702
15130045	564692
15130045	564675
15130045	564035
15130045	564896
15130045	565233
15130045	565170
15130045	565035
15130045	565480
15130045	564330
15130045	565527
15130045	565517
15130045	565962
15130045	566571
15130045	566328
15130045	566454
15130045	566909
15130045	566526
15130045	567435
15130045	567498
15130045	568362
15130045	568515
15130045	568307
15130045	568755
15130045	568803
15130045	568662
15130045	568849
15130045	568867
15130045	568903
15130045	568858
15130045	568190
15130045	568909
15130045	568933
15130045	569128
15130045	569118
15130045	569160
15130045	568964
15130045	568570
15130045	568354
15130045	569091
15130045	569235
15130045	568592
15130045	569444
15130045	569608
15130045	569549
15130045	569590
15130045	569675
15130045	569588
15130045	569724
15130045	570154
15130045	570257
15130045	570508
15130045	570953
15130045	570985
15130045	570784
15130045	570813
15130045	571146
15130045	571230
15130045	571363
15130045	571209
15130045	572059
15130045	572093
15130045	572277
15130045	572068
15130045	573048
15130045	573070
15130045	572850
15130045	573624
15130045	573499
15130045	573707
15130045	573714
15130045	573802
15130045	573182
15130045	573668
15130045	574945
15130045	574532
15130045	575245
15130045	575117
15130045	575301
15130045	575517
15130045	574927
15130045	574701
15130045	575603
15130045	575354
15130045	575615
15130045	575038
15130045	574858
15130045	575918
15130045	575944
15130045	576662
15130045	576933
15130045	576795
15130045	577051
15130045	576332
15130045	576778
15130045	577263
15130045	577133
15130045	577499
15130045	577281
15130045	577356
15130045	577518
15130045	577792
15130045	577885
15130045	577784
15130045	578014
15130045	577626
15130045	577896
15130045	578365
15130045	578730
15130045	578272
15130045	577970
15130045	578077
15130045	578786
15130045	578007
15130045	578971
15130045	578957
15130045	579265
15130045	578907
15130045	578461
15130045	579037
15130045	579424
15130045	579521
15130045	579148
15130045	579319
15130045	579082
15130045	579191
15130045	579678
15130045	579795
15130045	579574
15130045	579707
15130045	579995
15130045	579875
15130045	579804
15130045	580049
15130045	580057
15130045	580535
15130045	580673
15130045	580543
15130045	579474
15130045	580651
15130045	580702
15130045	580709
15130045	580576
15130045	580718
15130045	580213
15130045	580003
15130045	581169
15130045	581356
15130045	580791
15130045	581123
15130045	581152
15130045	581737
15130045	581684
15130045	581531
15130045	582380
15130045	582412
15130045	582680
15130045	582750
15130045	582744
15130045	582828
15130045	582527
15130045	582810
15130045	581916
15130045	582595
15130045	582253
15130045	582552
15130045	583646
15130045	583798
15130045	583779
15130045	583851
15130045	583535
15130045	582959
15130045	583715
15130045	583759
15130045	583549
15130045	584073
15130045	583130
15130045	584348
15130045	584323
15130045	584443
15130045	584477
15130045	584267
15130045	584230
15130045	584293
15130045	584730
15130045	585074
15130045	584880
15130045	584505
15130045	584756
15130045	584862
15130045	584434
15130045	585195
15130045	585246
15130045	585476
15130045	585522
15130045	585614
15130045	585363
15130045	585638
15130045	585045
15130045	585310
15130045	585826
15130045	585956
15130045	585232
15130045	585580
15130045	585901
15130045	585844
15130045	585761
15130045	585543
15130045	586451
15130045	585594
15130045	585963
15130045	586385
15130045	586515
15130045	586484
15130045	585888
15130045	586638
15130045	586195
15130045	586886
15130045	586902
15130045	586460
15130045	587162
15130045	587533
15130045	587210
15130045	587968
15130045	588332
15130045	588271
15130045	588128
15130045	588385
15130045	588608
15130045	588552
15130045	589004
15130045	589075
15130045	589282
15130045	588977
15130045	588790
15130045	589555
15130045	589564
15130045	589627
15130045	589763
15130045	589339
15130045	589321
15130045	590181
15130045	590155
15130045	590163
15130045	589652
15130045	589946
15130045	590227
15130045	590340
15130045	589880
15130045	590481
15130045	590442
15130045	590566
15130045	591162
15130045	590495
15130045	590374
15130045	590756
15130045	591405
15130045	591682
15130045	591793
15130045	591755
15130045	590878
15130045	591900
15130045	591967
15130045	591233
15130045	591597
15130045	591224
15130045	591990
15130045	591655
15130045	592194
15130045	591537
15130045	590785
15130045	591286
15130045	592326
15130045	591863
15130045	591567
15130045	591546
15130045	592407
15130045	592452
15130045	592470
15130045	591982
15130045	591444
15130045	592415
15130045	592741
15130045	592769
15130045	592617
15130045	592596
15130045	592909
15130045	592697
15130045	592837
15130045	592381
15130045	593455
15130045	593560
15130045	593398
15130045	593448
15130045	593661
15130045	593432
15130045	593607
15130045	593315
15130045	593739
15130045	593143
15130045	593724
15130045	593544
15130045	593772
15130045	593949
15130045	593806
15130045	593901
15130045	593952
15130045	594034
15130045	593371
15130045	594020
15130045	593206
15130045	593916
15130045	593929
15130045	594200
15130045	593899
15130045	593690
15130045	594194
15130045	593790
15130045	594209
15130045	594239
15130045	594435
15130045	594291
15130045	594458
15130045	594607
15130045	593866
15130045	594626
